# Entries for custom.
  A R H D C Q E G N I L K M F P S T W Y V B O Z X *
A 9 -9 -9 -9 -9 -9 -9 -9 -9 -9 -9 -9 -9 -9 -9 -9 -9 -9 -9 -9 -9 -9 -9 -9 0
R -9 9 -9 -9 -9 -9 -9 -9 -9 -9 -9 -9 -9 -9 -9 -9 -9 -9 -9 -9 -9 -9 -9 -9 0
H -9 -9 9 -9 -9 -9 -9 -9 -9 -9 -9 -9 -9 -9 -9 -9 -9 -9 -9 -9 -9 -9 -9 -9 0
D -9 -9 -9 9 -9 -9 -9 -9 -9 -9 -9 -9 -9 -9 -9 -9 -9 -9 -9 -9 -9 -9 -9 -9 0
C -9 -9 -9 -9 9 -9 -9 -9 -9 -9 -9 -9 -9 -9 -9 -9 -9 -9 -9 -9 -9 -9 -9 -9 0
Q -9 -9 -9 -9 -9 9 -9 -9 -9 -9 -9 -9 -9 -9 -9 -9 -9 -9 -9 -9 -9 -9 -9 -9 0
E -9 -9 -9 -9 -9 -9 9 -9 -9 -9 -9 -9 -9 -9 -9 -9 -9 -9 -9 -9 -9 -9 -9 -9 0
G -9 -9 -9 -9 -9 -9 -9 9 -9 -9 -9 -9 -9 -9 -9 -9 -9 -9 -9 -9 -9 -9 -9 -9 0
N -9 -9 -9 -9 -9 -9 -9 -9 9 -9 -9 -9 -9 -9 -9 -9 -9 -9 -9 -9 -9 -9 -9 -9 0
I -9 -9 -9 -9 -9 -9 -9 -9 -9 9 -9 -9 -9 -9 -9 -9 -9 -9 -9 -9 -9 -9 -9 -9 0
L -9 -9 -9 -9 -9 -9 -9 -9 -9 -9 9 -9 -9 -9 -9 -9 -9 -9 -9 -9 -9 -9 -9 -9 0
K -9 -9 -9 -9 -9 -9 -9 -9 -9 -9 -9 9 -9 -9 -9 -9 -9 -9 -9 -9 -9 -9 -9 -9 0
M -9 -9 -9 -9 -9 -9 -9 -9 -9 -9 -9 -9 9 -9 -9 -9 -9 -9 -9 -9 -9 -9 -9 -9 0
F -9 -9 -9 -9 -9 -9 -9 -9 -9 -9 -9 -9 -9 9 -9 -9 -9 -9 -9 -9 -9 -9 -9 -9 0
P -9 -9 -9 -9 -9 -9 -9 -9 -9 -9 -9 -9 -9 -9 9 -9 -9 -9 -9 -9 -9 -9 -9 -9 0
S -9 -9 -9 -9 -9 -9 -9 -9 -9 -9 -9 -9 -9 -9 -9 9 -9 -9 -9 -9 -9 -9 -9 -9 0
T -9 -9 -9 -9 -9 -9 -9 -9 -9 -9 -9 -9 -9 -9 -9 -9 9 -9 -9 -9 -9 -9 -9 -9 0
W -9 -9 -9 -9 -9 -9 -9 -9 -9 -9 -9 -9 -9 -9 -9 -9 -9 9 -9 -9 -9 -9 -9 -9 0
Y -9 -9 -9 -9 -9 -9 -9 -9 -9 -9 -9 -9 -9 -9 -9 -9 -9 -9 9 -9 -9 -9 -9 -9 0
V -9 -9 -9 -9 -9 -9 -9 -9 -9 -9 -9 -9 -9 -9 -9 -9 -9 -9 -9 9 -9 -9 -9 -9 0
B -9 -9 -9 -9 -9 -9 -9 -9 -9 -9 -9 -9 -9 -9 -9 -9 -9 -9 -9 -9 9 -9 -9 -9 0
O -9 -9 -9 -9 -9 -9 -9 -9 -9 -9 -9 -9 -9 -9 -9 -9 -9 -9 -9 -9 -9 9 -9 -9 0
Z -9 -9 -9 -9 -9 -9 -9 -9 -9 -9 -9 -9 -9 -9 -9 -9 -9 -9 -9 -9 -9 -9 9 -9 0
X -9 -9 -9 -9 -9 -9 -9 -9 -9 -9 -9 -9 -9 -9 -9 -9 -9 -9 -9 -9 -9 -9 -9 9 0
* 0 0 0 0 0 0 0 0 0 0 0 0 0 0 0 0 0 0 0 0 0 0 0 0 0
